    -0.04938    -0.04878
    -0.04938    -0.03659
    -0.04938    -0.02439
    -0.04938    -0.01220
    -0.04938     0.00000
    -0.04938     0.01220
    -0.04938     0.02439
    -0.04938     0.03659
    -0.04938     0.04878
    -0.03704    -0.04878
    -0.03704    -0.03659
    -0.03704    -0.02439
    -0.03704    -0.01220
    -0.03704     0.00000
    -0.03704     0.01220
    -0.03704     0.02439
    -0.03704     0.03659
    -0.03704     0.04878
    -0.02469    -0.04878
    -0.02469    -0.03659
    -0.02469    -0.02439
    -0.02469    -0.01220
    -0.02469     0.00000
    -0.02469     0.01220
    -0.02469     0.02439
    -0.02469     0.03659
    -0.02469     0.04878
    -0.01235    -0.04878
    -0.01235    -0.03659
    -0.01235    -0.02439
    -0.01235     0.02439
    -0.01235     0.03659
    -0.01235     0.04878
    -0.00000    -0.04878
    -0.00000    -0.03659
    -0.00000    -0.02439
    -0.00000     0.02439
    -0.00000     0.03659
    -0.00000     0.04878
     0.01235    -0.04878
     0.01235    -0.03659
     0.01235    -0.02439
     0.01235     0.02439
     0.01235     0.03659
     0.01235     0.04878
     0.02469    -0.04878
     0.02469    -0.03659
     0.02469    -0.02439
     0.02469    -0.01220
     0.02469     0.00000
     0.02469     0.01220
     0.02469     0.02439
     0.02469     0.03659
     0.02469     0.04878
     0.03704    -0.04878
     0.03704    -0.03659
     0.03704    -0.02439
     0.03704    -0.01220
     0.03704     0.00000
     0.03704     0.01220
     0.03704     0.02439
     0.03704     0.03659
     0.03704     0.04878
     0.04938    -0.04878
     0.04938    -0.03659
     0.04938    -0.02439
     0.04938    -0.01220
     0.04938     0.00000
     0.04938     0.01220
     0.04938     0.02439
     0.04938     0.03659
     0.04938     0.04878
