    -0.05062    -0.04878
    -0.05062    -0.03659
    -0.05062    -0.02439
    -0.05062    -0.01220
    -0.05062     0.00000
    -0.05062     0.01220
    -0.05062     0.02439
    -0.05062     0.03659
    -0.05062     0.04878
    -0.03948    -0.04878
    -0.06296    -0.03659
    -0.06296    -0.02439
    -0.06296    -0.01220
    -0.06296     0.00000
    -0.06296     0.01220
    -0.06296     0.02439
    -0.06296     0.03659
    -0.03948     0.04878
    -0.02713    -0.04878
    -0.05152    -0.03659
    -0.07531    -0.02439
    -0.07531    -0.01220
    -0.07531     0.00000
    -0.07531     0.01220
    -0.07531     0.02439
    -0.05152     0.03659
    -0.02713     0.04878
    -0.01478    -0.04878
    -0.03917    -0.03659
    -0.06357    -0.02439
    -0.06357     0.02439
    -0.03917     0.03659
    -0.01478     0.04878
    -0.00244    -0.04878
    -0.02683    -0.03659
    -0.05122    -0.02439
    -0.05122     0.02439
    -0.02683     0.03659
    -0.00244     0.04878
     0.01235    -0.04878
     0.01235    -0.03659
     0.01235    -0.02439
     0.01235     0.02439
     0.01235     0.03659
     0.01235     0.04878
     0.02469    -0.04878
     0.02469    -0.03659
     0.02469    -0.02439
     0.02469    -0.01220
     0.02469     0.00000
     0.02469     0.01220
     0.02469     0.02439
     0.02469     0.03659
     0.02469     0.04878
     0.03704    -0.04878
     0.03704    -0.03659
     0.03704    -0.02439
     0.03704    -0.01220
     0.03704     0.00000
     0.03704     0.01220
     0.03704     0.02439
     0.03704     0.03659
     0.03704     0.04878
     0.04938    -0.04878
     0.04938    -0.03659
     0.04938    -0.02439
     0.04938    -0.01220
     0.04938     0.00000
     0.04938     0.01220
     0.04938     0.02439
     0.04938     0.03659
     0.04938     0.04878
